encounter = 6
number of aircraft = 2
run type = MCTS
nmac = false
reward = -410.41
hmd = 1924.89
vmd = 396.63
md_time = 42.0
logProbs = [-0.135552,-0.135552,-0.135552,-0.135552,-0.135552,-0.135552,-0.135552,-0.135552,-0.135552,-0.135552,-0.135552,-0.135552,-0.135552,-0.135552,-0.135552,-0.135552,-0.135552,-0.135552,-0.135552,-0.135552,-0.135552,-0.135552,-0.135552,-0.135552,-0.135552,-0.135552,-0.135552,-0.135552,-0.135552,-4.5997,-0.127599,-0.127599,-0.127599,-0.127599,-0.127599,-0.127599,-0.127599,-3.11873,-0.0954209,-0.0954209,-0.0954209,-0.0954209,-0.0954209,-0.0954209,-0.0954209,-0.0954209,-0.0954209,-0.0954209,-0.0954209,-0.0954209,-0.0954209]
