encounter = 1
number of aircraft = 2
run type = MCTS
nmac = false
reward = -562.0
hmd = 2644.18
vmd = 461.95
md_time = 49.0
logProbs = [-0.0997217,-0.0997217,-0.0997217,-0.0997217,-0.0997217,-4.29428,-0.0758764,-0.0758764,-0.0758764,-0.0758764,-0.0758764,-0.0758764,-0.0758764,-0.0758764,-0.0758764,-0.0758764,-3.34784,-0.0953497,-4.36332,-0.127564,-0.127564,-0.127564,-0.127564,-4.58003,-0.106274,-0.106274,-0.106274,-0.106274,-0.106274,-0.106274,-0.106274,-0.106274,-0.106274,-0.106274,-6.49964,-0.128811,-0.128811,-0.128811,-0.128811,-0.128811,-0.128811,-0.128811,-5.22156,-0.128423,-0.128423,-0.128423,-0.128423,-0.128423,-0.128423,-0.128423,-0.128423]
