encounter = 2
number of aircraft = 2
run type = MCTS
nmac = false
reward = -438.42
hmd = 1975.58
vmd = 393.49
md_time = 48.0
logProbs = [-3.19815,-0.0986965,-0.0986965,-4.19602,-0.123218,-0.123218,-3.19252,-0.0986965,-0.0986965,-0.0986965,-10.5551,-0.139498,-0.139498,-0.139498,-0.139498,-0.139498,-0.139498,-0.139498,-0.139498,-0.139498,-0.139498,-4.11272,-0.123218,-0.123218,-0.123218,-0.123218,-0.123218,-0.123218,-0.123218,-0.123218,-0.123218,-0.123218,-4.42141,-0.104055,-0.104055,-5.36816,-0.117241,-0.117241,-3.20695,-0.104055,-0.104055,-0.104055,-0.104055,-0.104055,-0.104055,-0.104055,-0.104055,-0.104055,-0.104055,-0.104055,-0.104055]
