encounter = 5
number of aircraft = 2
run type = MCTS
nmac = false
reward = -2428.83
hmd = 12108.1
vmd = 525.46
md_time = 6.0
logProbs = [-0.0977128,-0.0977128,-0.0977128,-0.0977128,-0.0977128,-0.0977128,-0.0977128,-0.0977128,-0.0977128,-0.0977128,-0.0977128,-3.1699,-0.0760617,-0.0760617,-0.0760617,-0.0760617,-0.0760617,-0.0760617,-0.0760617,-0.0760617,-0.0760617,-0.0760617,-0.0760617,-0.0760617,-0.0760617,-0.0760617,-0.0760617,-0.0760617,-0.0760617,-0.0760617,-0.0760617,-0.0760617,-0.0760617,-0.0760617,-0.0760617,-0.0760617,-0.0760617,-0.0760617,-0.0760617,-0.0760617,-0.0760617,-0.0760617,-0.0760617,-0.0760617,-0.0760617,-0.0760617,-0.0760617,-0.0760617,-0.0760617,-0.0760617,-0.0760617]
